c Sp graph network with 110 nodes 480 arcs 
c this is simply for your own test, to see whether your code
c can handle large network or not.
c 
t ./inputs/tofrom_A3_10000_100_1 
p sp	110	480
n 110
a   1   2	 409
a   1   3	 378
a   2   1	 409
a   2   3	 480
a   2   5	 1049
a   2   25	 1035
a   2   26	 2704
a   2   27	 752
a   2   28	 1532
a   2   29	 306
a   2   30	 3035
a   2   31	 961
a   2   32	 483
a   2   33	 237
a   2   34	 620
a   2   35	 2258
a   2   36	 3833
a   2   37	 1540
a   2   38	 1015
a   2   39	 721
a   2   40	 766
a   2   41	 1592
a   2   42	 1093
a   2   43	 364
a   2   44	 319
a   2   45	 462
a   2   46	 459
a   2   47	 1556
a   2   48	 624
a   3   1	 378
a   3   2	 480
a   4   5	 3146
a   4   6	 1933
a   5   2	 1049
a   5   4	 3146
a   5   6	 1891
a   5   8	 1930
a   5   9	 378
a   5   11	 875
a   5   12	 2274
a   5   16	 1894
a   5   17	 198
a   5   22	 2324
a   5   26	 3681
a   5   28	 2181
a   5   31	 1976
a   5   36	 4743
a   5   38	 1746
a   5   39	 864
a   5   40	 1576
a   5   42	 1946
a   5   43	 684
a   5   48	 1662
a   5   52	 542
a   5   53	 301
a   5   56	 6048
a   5   57	 5597
a   5   58	 1225
a   5   62	 2033
a   5   68	 2314
a   5   69	 1403
a   5   77	 2715
a   5   78	 2297
a   5   79	 251
a   5   80	 1841
a   5   81	 5792
a   5   82	 4065
a   5   83	 2092
a   5   84	 1717
a   5   85	 879
a   5   86	 278
a   5   87	 5293
a   5   88	 2884
a   5   89	 4241
a   5   90	 2105
a   5   91	 1378
a   6   4	 1933
a   6   5	 1891
a   6   16	 3817
a   6   48	 3298
a   6   77	 978
a   6   78	 406
a   7   8	 3309
a   8   5	 1930
a   8   7	 3309
a   8   12	 1963
a   8   18	 1740
a   8   20	 1690
a   8   24	 669
a   8   26	 1751
a   8   30	 2173
a   8   31	 1019
a   8   35	 1667
a   8   42	 1489
a   8   48	 534
a   8   50	 2147
a   8   55	 1120
a   8   59	 4157
a   8   60	 481
a   8   62	 375
a   8   64	 639
a   8   65	 362
a   8   73	 1719
a   8   83	 2363
a   8   89	 3193
a   8   97	 2725
a   8   105	 1730
a   8   107	 1015
a   9   5	 378
a   9   10	 2683
a   9   11	 510
a   9   12	 2652
a   9   13	 2910
a   9   14	 637
a   9   15	 2688
a   9   16	 2272
a   9   17	 193
a   9   18	 2956
a   9   19	 975
a   9   20	 2445
a   10   9	 2683
a   10   48	 1627
a   10   70	 1960
a   10   71	 1754
a   11   5	 875
a   11   9	 510
a   11   14	 232
a   11   19	 467
a   12   5	 2274
a   12   8	 1963
a   12   9	 2652
a   12   48	 1469
a   12   51	 1889
a   12   70	 1801
a   12   71	 1595
a   12   95	 1790
a   13   9	 2910
a   13   70	 2066
a   13   71	 1859
a   14   9	 637
a   14   11	 232
a   15   9	 2688
a   15   48	 1284
a   15   70	 1609
a   15   71	 1402
a   16   5	 1894
a   16   6	 3817
a   16   9	 2272
a   16   17	 2091
a   16   48	 1463
a   16   52	 1588
a   16   53	 1595
a   16   70	 1814
a   16   71	 1593
a   16   74	 1796
a   16   75	 1698
a   16   79	 1745
a   16   86	 2128
a   17   5	 198
a   17   9	 193
a   17   16	 2091
a   17   20	 2253
a   17   42	 2123
a   17   53	 496
a   17   80	 2026
a   17   83	 2350
a   18   8	 1740
a   18   9	 2956
a   18   48	 1353
a   18   70	 1653
a   18   71	 1453
a   19   9	 975
a   19   11	 467
a   20   8	 1690
a   20   9	 2445
a   20   17	 2253
a   20   24	 1973
a   20   48	 1188
a   20   70	 1521
a   21   22	 2020
a   22   5	 2324
a   22   21	 2020
a   22   48	 1769
a   22   51	 1994
a   22   52	 2018
a   22   53	 2026
a   23   24	 927
a   24   8	 669
a   24   20	 1973
a   24   23	 927
a   24   26	 1081
a   24   30	 1524
a   24   31	 1291
a   24   35	 1246
a   24   49	 921
a   24   50	 1482
a   24   55	 716
a   24   59	 3487
a   24   60	 534
a   24   61	 1275
a   24   62	 676
a   24   63	 489
a   24   64	 797
a   24   65	 362
a   25   2	 1035
a   25   43	 866
a   26   2	 2704
a   26   5	 3681
a   26   8	 1751
a   26   24	 1081
a   26   48	 2094
a   26   64	 1690
a   27   2	 752
a   27   43	 465
a   28   2	 1532
a   28   5	 2181
a   28   48	 1625
a   28   51	 1843
a   28   52	 1864
a   28   53	 1880
a   28   70	 1959
a   28   71	 1756
a   29   2	 306
a   29   38	 1057
a   29   40	 803
a   29   43	 653
a   29   47	 1500
a   30   2	 3035
a   30   8	 2173
a   30   24	 1524
a   30   48	 2411
a   31   2	 961
a   31   5	 1976
a   31   8	 1019
a   31   24	 1291
a   31   48	 578
a   31   70	 890
a   31   71	 686
a   32   2	 483
a   32   47	 1075
a   33   2	 237
a   34   2	 620
a   34   29	 513
a   34   67	 570
a   35   2	 2258
a   35   8	 1667
a   35   24	 1246
a   35   48	 1667
a   36   2	 3833
a   36   5	 4743
a   36   8	 2834
a   36   48	 3251
a   37   2	 1540
a   37   48	 1627
a   38   2	 1015
a   38   5	 1746
a   38   29	 1057
a   38   48	 1075
a   38   67	 1001
a   38   70	 1402
a   38   71	 1207
a   38   95	 1337
a   39   2	 721
a   39   5	 864
a   39   48	 1260
a   40   2	 766
a   40   5	 1576
a   40   29	 803
a   40   43	 1001
a   40   46	 1096
a   40   48	 845
a   40   52	 1141
a   42   2	 1093
a   42   5	 1946
a   42   8	 1489
a   42   17	 2123
a   42   48	 983
a   43   2	 364
a   43   5	 684
a   43   25	 866
a   43   27	 465
a   43   29	 653
a   43   32	 542
a   43   40	 1001
a   43   47	 1539
a   43   91	 904
a   46   2	 459
a   46   40	 1096
a   47   2	 1556
a   47   29	 1500
a   47   32	 1075
a   47   43	 1539
a   48   2	 624
a   48   5	 1662
a   48   6	 3298
a   48   8	 534
a   48   10	 1627
a   48   12	 1469
a   48   15	 1284
a   48   16	 1463
a   48   18	 1353
a   48   20	 1188
a   48   22	 1769
a   48   26	 2094
a   48   28	 1625
a   48   30	 2411
a   48   31	 578
a   48   35	 1667
a   48   36	 3251
a   48   37	 1627
a   48   38	 1075
a   48   39	 1260
a   48   40	 845
a   48   42	 983
a   48   50	 2425
a   48   54	 2593
a   48   55	 1196
a   48   58	 858
a   48   62	 394
a   48   66	 1324
a   48   70	 333
a   48   71	 130
a   48   73	 1387
a   48   80	 1096
a   48   83	 1830
a   48   84	 798
a   48   89	 2939
a   48   90	 1315
a   48   92	 2092
a   48   93	 1865
a   48   96	 2226
a   48   98	 1709
a   48   106	 1745
a   48   108	 2306
a   48   109	 1506
a   48   110	 1897
a   49   24	 921
a   50   2	 3048
a   50   8	 2147
a   50   24	 1482
a   50   48	 2425
a   51   12	 1889
a   51   22	 1994
a   51   28	 1843
a   51   76	 1918
a   52   5	 542
a   52   16	 1588
a   52   22	 2018
a   52   28	 1864
a   52   40	 1141
a   53   5	 301
a   53   16	 1595
a   53   17	 496
a   53   22	 2026
a   53   28	 1880
a   53   83	 1802
a   54   48	 2593
a   55   8	 1120
a   55   24	 716
a   55   48	 1196
a   56   5	 6048
a   57   5	 5597
a   58   5	 1225
a   58   48	 858
a   59   8	 4157
a   59   24	 3487
a   60   8	 481
a   60   24	 534
a   61   24	 1275
a   62   5	 2033
a   62   8	 375
a   62   24	 676
a   62   48	 394
a   63   24	 489
a   64   8	 639
a   64   24	 797
a   64   26	 1690
a   64   104	 1971
a   65   8	 362
a   65   24	 362
a   66   48	 1324
a   67   2	 164
a   67   38	 1001
a   68   5	 2314
a   69   5	 1403
a   70   10	 1960
a   70   12	 1801
a   70   13	 2066
a   70   15	 1609
a   70   16	 1814
a   70   18	 1653
a   70   20	 1521
a   70   28	 1959
a   70   31	 890
a   70   38	 1402
a   70   48	 333
a   70   71	 206
a   70   80	 1427
a   70   93	 2195
a   70   94	 1651
a   70   95	 243
a   71   10	 1754
a   71   12	 1595
a   71   13	 1859
a   71   15	 1402
a   71   16	 1593
a   71   18	 1453
a   71   28	 1756
a   71   31	 686
a   71   38	 1207
a   71   48	 130
a   71   70	 206
a   71   73	 1474
a   71   89	 3013
a   71   93	 1988
a   71   94	 1444
a   71   100	 1584
a   71   101	 1308
a   71   102	 1527
a   72   48	 1379
a   73   8	 1719
a   73   48	 1387
a   73   71	 1474
a   74   16	 1796
a   75   16	 1698
a   76   51	 1918
a   77   5	 2715
a   77   6	 978
a   78   5	 2297
a   78   6	 406
a   79   5	 251
a   79   16	 1745
a   80   5	 1841
a   80   17	 2026
a   80   48	 1096
a   80   70	 1427
a   81   5	 5792
a   82   5	 4065
a   83   5	 2092
a   83   8	 2363
a   83   17	 2350
a   83   48	 1830
a   83   53	 1802
a   84   5	 1717
a   84   48	 798
a   85   5	 879
a   86   5	 278
a   86   16	 2128
a   87   5	 5293
a   88   2	 1844
a   88   48	 1297
a   89   5	 4241
a   89   8	 3193
a   89   48	 2939
a   89   71	 3013
a   90   5	 2105
a   90   48	 1315
a   91   5	 1378
a   91   43	 904
a   92   48	 2092
a   93   48	 1865
a   93   70	 2195
a   93   71	 1988
a   94   70	 1651
a   94   71	 1444
a   95   12	 1790
a   95   38	 1337
a   95   70	 243
a   96   48	 2226
a   97   8	 2725
a   98   48	 1709
a   99   71	 1415
a   100   71	 1584
a   102   71	 1527
a   103   64	 1654
a   104   64	 1971
a   105   8	 1730
a   106   48	 1745
a   107   8	 1015
a   110   48	 1897
